0.00637229
0.00624969
0.00604532
0.00575909
0.00539092
0.00494068
0.0044082
0.00379331
0.00309579
0.00231539
0.00145186
0.000504882
0.000952964
0.00248344
0.00358294
0.0043166
0.00473413
0.00487405
0.00476664
0.00443602
0.00390155
0.00317896
0.00228109
0.00121853
0
0.00159516
0.00284082
0.00376492
0.00439143
0.00474095
0.00483132
0.00467798
0.00429437
0.00369221
0.00288171
0.00187183
0.000670386
0.000803587
0.00217499
0.00324559
0.00403011
0.00454174
0.00479229
0.00479234
0.00455138
0.00407792
0.00337959
0.00246319
0.00133485
1.57009e-16
0.00149067
0.00269393
0.00361969
0.00427694
0.00467389
0.00481796
0.00471591
0.00437385
0.0037973
0.00299122
0.00196009
0.000707882
0.000767345
0.0020953
0.00315323
0.00394733
0.00448329
0.00476626
0.00480089
0.00459139
0.00414154
0.00345469
0.00253382
0.00138151
0
0.00144604
0.00262932
0.00355396
0.00422371
0.00464187
0.00481142
0.00473494
0.00441467
0.00385252
0.00305006
0.00200854
0.000728905
0.0414679
0.123863